Station1
153663989
12157629884582428114403082235329906696541539221599622824349165704646092209118143568695334803343400287437557294733754376025771170967220710502417198487987270185663828230798130811691697077837179401200096718332278598107415053563029490431785839345994112755185159216576741526596658163813486748201773237369210651331937089886203451917480339882776847904070205702352839921709117942183278485019311899984328175478718287796971950904436194694120075211684835581436143677440691969942660252227902200309296765145548222847992759335689952005186932058632826565034449258810347347756991019931027101327429224707063676444365471309550190459517
19436701585471463594294459423682455577901408145669481193167099262694718807971676249267095177806282071109639635704568845667655919166440475650719158326855013553222979384201072695616383265362125740522754265669990082926697911586227929303058918344090265442122866324286347375610701795450258127360159683193960004176806273698113976419336595397206411366745531605745150386186290141030399968270679673298975017353460446656606407408752167000703174935284480182191617839795833657525483282680580166482311694903158626167561576792672881691192713450262901071041485362870292849706655007285243433442049090226693554838362013594836135224307
Plant1
73149841
16639946025415467623632165192038677967481585943360871025458505168617550156607732664168447751101421168406733172225255183364286277033598846981648588927312106158373491866538023547576551229350131686422208903784127788733846561275866924366348640081923348959761737763121319761599530822261375829678526055745969186973080224798475541975316389754781030094272710898585450726432218572610250336880877457923050948358752053385963413573522276884737779764151329048977771298681275994002035862038268615387957794289499014207674509896360558968227455675396344624792492891417450362946040904620336413774555846632089122310136742914700499387801
25482331483165187929158508743350454761925352841514096875819470448125527183962667118523649663228983238817965484304339356035211533506561896988134461300353015550825202849620499857222600529612977963854066088468545821325864169288932730337601830354152890810081004491341783322578588222397295292536292040255299133986252395381779985544113630785202957625234737634415427193650167540097474585376302012064300828469322444566522787359991773711643885864532985098386493066168002508609532248337069962747770717420538019444819255035184778735918610408723716935111230510952699372689409645134720369821630901979268016637009293278259134742787
Station2
691487951
4588276537912879923509466701594229431310067476312512130699784331924759225385641928786702885210840917979935265694553859027673216483476849262722018708237393873039685577574220879684387680720554589897456555643712673931281871323534212071747795874589320765284721419968747746820662245725324191048789260569006278278431597064489059788661282880421668158968949243204114585545453092729700526305849899147834047022302625497737322179038924525897340249376301006612089811864487185242949056360523593916401760470729931381014538778168516297343652926468546920138522430168987814840721606303599978082943033853894103834467664819588619628655
17192766555914092244901605893615108370197751488454513074183351262095325323495451891925206220995621271757389885772334792360166094887648816160014061187671140197984726022644703394560396420404975262544541146352886847737328578104580984249931859205860845147152888422311505293462479254315182336080226085084677903588403531159036830567553302128697326424794025050745702126617585528478752969093855564797197635052810026694387597739690398783988464900386837068780775201770658491929204700434501676469509584811467925447585051600827971211635768255845668827052823710414787143578100546696263886901260922949950293666384421289777508480169
Plant2
1901895865
7121530554335245536679046888230749994605032470478581329476508322459342148948363323158396092638873784167657208348142833374112132306933212980992355804226274885138479039069562197490330282426143784702710127543657314396852820081157175883512367614363606995981077296529130345641194368479936954614326450785366450459421860861020438525925161655598252651031225053558462334333029850862815471495590014946003323777132120549839293471995667979943000367851461661989518979957953527223531393415957075710974595848992912638401402116340069479296761668633067548368063656212704669510813602206116447449419186724169778442968727946788880517657
14502746382867923974183828720243326562457423229327310128825758979925640148354826030064603722029774908875437605903736570407934804648815005864037412558644753382909293592213692250742072988747809887589933176578458862941644821915033866120396251666213411101889618091073731042246163385293517545510429880709388801024810855825606643211306133471654344579777120243801449359062494149134963881711645722627653524150649907921188329607791253333814695751214892930732080255000492543518171753985954142390769728615610137590395578250807245752277371787636759086510613172868453096509682030804271795582499027853870935269495877620238456994743
plant1
2028319
2141510899611366521277952566296559549738503980925033123625952379154047142381497445516166199822109747966459106547932588478861980125123892210254349915596438484666593684090875602336382067873649537484357228393353850990044041041052785945067863680957437802842661448657449753187743067755472610481325131451557623787622458531045833250288640943693152155972708499436846346264421728657709542246058613165682399350792896103760126995650906211829540652889953548806430012487634682178671587852872998589915143292238082503388915206224696219312459290076307443329849185544377349657324088215645856043499613031424842879485549383029270079327
8642514413031672409030717640950175130505304801471334181494505700901838556820521808286038027304363216132298636340331202246861481686794618954125689706089524746226988109109201104781260661265503013811839737397017247924812202478640064098214866091441602423479881786812450284695588341753093357485820354244273015985857435851377841734320603810452297305485340420023580805343120465474862476630550083142655538550439439867760713407417463634006851258457899007807220362564128210634451268654198937866851786067011924192809450849142278123676122722857669993560631811386926077462397939319422153304515670101845907393416582660677255462429
